289.736492 -342.359138 486.276303 -179.773000 -1.351000 -158.403636
289.943038 -341.499686 486.276303 -179.773000 -1.351000 -158.569305
290.175384 -340.629462 486.276303 -179.773000 -1.351000 -158.743054
290.434413 -339.748455 486.276303 -179.773000 -1.351000 -158.925086
290.721002 -338.856680 486.276303 -179.773000 -1.351000 -159.115600
291.036040 -337.954167 486.276303 -179.773000 -1.351000 -159.314797
291.380411 -337.040974 486.276303 -179.773000 -1.351000 -159.522874
291.755004 -336.117180 486.276303 -179.773000 -1.351000 -159.740028
292.160713 -335.182889 486.276303 -179.773000 -1.351000 -159.966455
292.598426 -334.238231 486.276303 -179.773000 -1.351000 -160.202347
293.069047 -333.283357 486.276303 -179.773000 -1.351000 -160.447900
293.573477 -332.318455 486.276303 -179.773000 -1.351000 -160.703305
294.112629 -331.343729 486.276303 -179.773000 -1.351000 -160.968757
294.687413 -330.359417 486.276303 -179.773000 -1.351000 -161.244447
295.298754 -329.365790 486.276303 -179.773000 -1.351000 -161.530568
295.947574 -328.363142 486.276303 -179.773000 -1.351000 -161.827312
296.634802 -327.351807 486.276303 -179.773000 -1.351000 -162.134870
297.361380 -326.332148 486.276303 -179.773000 -1.351000 -162.453436
298.128240 -325.304563 486.276303 -179.773000 -1.351000 -162.783199
298.936323 -324.269493 486.276303 -179.773000 -1.351000 -163.124349
299.786575 -323.227408 486.276303 -179.773000 -1.351000 -163.477077
300.679929 -322.178824 486.276303 -179.773000 -1.351000 -163.841568
301.617324 -321.124300 486.276303 -179.773000 -1.351000 -164.218008
302.599684 -320.064436 486.276303 -179.773000 -1.351000 -164.606578
303.627929 -318.999879 486.276303 -179.773000 -1.351000 -165.007456
304.702951 -317.931324 486.276303 -179.773000 -1.351000 -165.420812
305.825641 -316.859515 486.276303 -179.773000 -1.351000 -165.846815
306.996842 -315.785249 486.276303 -179.773000 -1.351000 -166.285620
308.217387 -314.709376 486.276303 -179.773000 -1.351000 -166.737378
309.488053 -313.632796 486.276303 -179.773000 -1.351000 -167.202226
310.809578 -312.556472 486.276303 -179.773000 -1.351000 -167.680288
312.182647 -311.481417 486.276303 -179.773000 -1.351000 -168.171675
313.607873 -310.408709 486.276303 -179.773000 -1.351000 -168.676478
315.085805 -309.339474 486.276303 -179.773000 -1.351000 -169.194770
316.616899 -308.274904 486.276303 -179.773000 -1.351000 -169.726601
316.446944 -307.564975 486.276303 -179.773000 -1.351000 -169.726601
