-19.024194 -51.661849 -7.669689 0.000000 0.000000 -12.498636
-19.318754 -51.012572 -7.488233 0.000000 0.000000 -12.664305
-19.612604 -50.361216 -7.318237 0.000000 0.000000 -12.838054
-19.905566 -49.707798 -7.159336 0.000000 0.000000 -13.020086
-20.197459 -49.052338 -7.011164 0.000000 0.000000 -13.210600
-20.488106 -48.394852 -6.873354 0.000000 0.000000 -13.409797
-20.777326 -47.735358 -6.745542 0.000000 0.000000 -13.617874
-21.064941 -47.073875 -6.627361 0.000000 0.000000 -13.835028
-21.350771 -46.410421 -6.518446 0.000000 0.000000 -14.061455
-21.634638 -45.745013 -6.418431 0.000000 0.000000 -14.297347
-21.916363 -45.077668 -6.326950 0.000000 0.000000 -14.542900
-22.195765 -44.408406 -6.243637 0.000000 0.000000 -14.798305
-22.472667 -43.737244 -6.168128 0.000000 0.000000 -15.063757
-22.746890 -43.064199 -6.100055 0.000000 0.000000 -15.339447
-23.018253 -42.389291 -6.039053 0.000000 0.000000 -15.625568
-23.286578 -41.712535 -5.984757 0.000000 0.000000 -15.922312
-23.551686 -41.033951 -5.936801 0.000000 0.000000 -16.229870
-23.813398 -40.353557 -5.894818 0.000000 0.000000 -16.548436
-24.071535 -39.671369 -5.858444 0.000000 0.000000 -16.878199
-24.325917 -38.987407 -5.827313 0.000000 0.000000 -17.219349
-24.576366 -38.301688 -5.801058 0.000000 0.000000 -17.572077
-24.822702 -37.614229 -5.779314 0.000000 0.000000 -17.936568
-25.064746 -36.925049 -5.761715 0.000000 0.000000 -18.313008
-25.302320 -36.234166 -5.747896 0.000000 0.000000 -18.701578
-25.535244 -35.541598 -5.737491 0.000000 0.000000 -19.102456
-25.763339 -34.847361 -5.730133 0.000000 0.000000 -19.515812
-25.986425 -34.151475 -5.725458 0.000000 0.000000 -19.941815
-26.204325 -33.453957 -5.723099 0.000000 0.000000 -20.380620
-26.416858 -32.754826 -5.722691 0.000000 0.000000 -20.832378
-26.623846 -32.054098 -5.723868 0.000000 0.000000 -21.297226
-26.825110 -31.351792 -5.726265 0.000000 0.000000 -21.775288
-27.020470 -30.647925 -5.729515 0.000000 0.000000 -22.266675
-27.209748 -29.942517 -5.733252 0.000000 0.000000 -22.771478
-27.392763 -29.235583 -5.737112 0.000000 0.000000 -23.289770
-27.569338 -28.527143 -5.740728 0.000000 0.000000 -23.821601
-27.739293 -27.817214 -5.743735 0.000000 0.000000 -23.821601
