289.743 -342.365 486.255 -179.773 -1.351 -158.404
289.95 -341.506 486.255 -179.773 -1.351 -158.569
290.182 -340.636 486.255 -179.773 -1.351 -158.743
290.441 -339.755 486.255 -179.773 -1.351 -158.925
290.728 -338.863 486.255 -179.773 -1.351 -159.116
291.043 -337.96 486.255 -179.773 -1.351 -159.315
291.387 -337.047 486.255 -179.773 -1.351 -159.523
291.762 -336.123 486.255 -179.773 -1.351 -159.74
292.168 -335.189 486.255 -179.773 -1.351 -159.966
292.605 -334.244 486.255 -179.773 -1.351 -160.202
293.076 -333.289 486.255 -179.773 -1.351 -160.448
293.58 -332.325 486.255 -179.773 -1.351 -160.703
294.119 -331.35 486.255 -179.773 -1.351 -160.969
294.694 -330.366 486.255 -179.773 -1.351 -161.244
295.306 -329.372 486.255 -179.773 -1.351 -161.531
295.954 -328.369 486.255 -179.773 -1.351 -161.827
296.642 -327.358 486.255 -179.773 -1.351 -162.135
297.368 -326.338 486.255 -179.773 -1.351 -162.453
298.135 -325.311 486.255 -179.773 -1.351 -162.783
298.943 -324.276 486.255 -179.773 -1.351 -163.124
299.793 -323.234 486.255 -179.773 -1.351 -163.477
300.687 -322.185 486.255 -179.773 -1.351 -163.842
301.624 -321.13 486.255 -179.773 -1.351 -164.218
302.606 -320.071 486.255 -179.773 -1.351 -164.607
303.635 -319.006 486.255 -179.773 -1.351 -165.007
304.71 -317.937 486.255 -179.773 -1.351 -165.421
305.832 -316.866 486.255 -179.773 -1.351 -165.847
307.004 -315.791 486.255 -179.773 -1.351 -166.286
308.224 -314.715 486.255 -179.773 -1.351 -166.737
309.495 -313.639 486.255 -179.773 -1.351 -167.202
310.816 -312.563 486.255 -179.773 -1.351 -167.68
312.189 -311.488 486.255 -179.773 -1.351 -168.172
313.615 -310.415 486.255 -179.773 -1.351 -168.676
315.093 -309.346 486.255 -179.773 -1.351 -169.195
316.624 -308.281 486.255 -179.773 -1.351 -169.727
316.454 -307.571 486.255 -179.773 -1.351 -169.727
