450.476691 -243.902051 419.539988 -179.671000 -46.350000 -151.137000
442.998900 -241.714085 419.539988 -179.671000 -46.350000 -149.475281
435.671070 -239.779684 419.539988 -179.671000 -46.350000 -147.863240
428.524612 -238.084062 419.539988 -179.671000 -46.350000 -146.306179
421.587722 -236.610105 419.539988 -179.671000 -46.350000 -144.808817
414.885126 -235.338940 419.539988 -179.671000 -46.350000 -143.375260
408.438004 -234.250492 419.539988 -179.671000 -46.350000 -142.009001
402.263997 -233.324026 419.539988 -179.671000 -46.350000 -140.712926
396.377350 -232.538639 419.539988 -179.671000 -46.350000 -139.489344
390.789168 -231.873688 419.539988 -179.671000 -46.350000 -138.340032
385.507694 -231.309156 419.539988 -179.671000 -46.350000 -137.266281
380.538656 -230.825935 419.539988 -179.671000 -46.350000 -136.268955
375.885618 -230.406053 419.539988 -179.671000 -46.350000 -135.348546
371.550381 -230.032818 419.539988 -179.671000 -46.350000 -134.505243
367.533305 -229.690926 419.539988 -179.671000 -46.350000 -133.738982
363.833648 -229.366508 419.539988 -179.671000 -46.350000 -133.049503
360.449905 -229.047145 419.539988 -179.671000 -46.350000 -132.436408
357.380058 -228.721853 419.539988 -179.671000 -46.350000 -131.899200
354.621825 -228.381048 419.539988 -179.671000 -46.350000 -131.437328
352.172881 -228.016504 419.539988 -179.671000 -46.350000 -131.050224
350.031037 -227.621294 419.539988 -179.671000 -46.350000 -130.737334
348.194374 -227.189737 419.539988 -179.671000 -46.350000 -130.498143
346.661382 -226.717351 419.539988 -179.671000 -46.350000 -130.332200
345.431035 -226.200802 419.539988 -179.671000 -46.350000 -130.239131
344.502876 -225.637876 419.539988 -179.671000 -46.350000 -130.218656
343.877034 -225.027445 419.539988 -179.671000 -46.350000 -130.270593
343.554290 -224.369459 419.539988 -179.671000 -46.350000 -130.394872
343.536039 -223.664942 419.539988 -179.671000 -46.350000 -130.591528
343.824296 -222.916000 419.539988 -179.671000 -46.350000 -130.860705
344.421650 -222.125841 419.539988 -179.671000 -46.350000 -131.202649
345.331204 -221.298814 419.539988 -179.671000 -46.350000 -131.617700
346.556479 -220.440445 419.539988 -179.671000 -46.350000 -132.106276
348.101338 -219.557479 419.539988 -179.671000 -46.350000 -132.668864
349.969804 -218.657944 419.539988 -179.671000 -46.350000 -133.305989
352.165942 -217.751193 419.539988 -179.671000 -46.350000 -134.018199
351.374929 -217.131082 419.539988 -179.671000 -46.350000 -134.018199
