451.928 -246.452 419.509 -179.671 -46.35 -151.137
444.45 -244.264 419.509 -179.671 -46.35 -149.475
437.122 -242.33 419.509 -179.671 -46.35 -147.863
429.976 -240.634 419.509 -179.671 -46.35 -146.306
423.039 -239.16 419.509 -179.671 -46.35 -144.809
416.336 -237.889 419.509 -179.671 -46.35 -143.375
409.889 -236.801 419.509 -179.671 -46.35 -142.009
403.715 -235.874 419.509 -179.671 -46.35 -140.713
397.829 -235.089 419.509 -179.671 -46.35 -139.489
392.24 -234.424 419.509 -179.671 -46.35 -138.34
386.959 -233.859 419.509 -179.671 -46.35 -137.266
381.99 -233.376 419.509 -179.671 -46.35 -136.269
377.337 -232.956 419.509 -179.671 -46.35 -135.349
373.002 -232.583 419.509 -179.671 -46.35 -134.505
368.985 -232.241 419.509 -179.671 -46.35 -133.739
365.285 -231.917 419.509 -179.671 -46.35 -133.05
361.901 -231.597 419.509 -179.671 -46.35 -132.436
358.831 -231.272 419.509 -179.671 -46.35 -131.899
356.073 -230.931 419.509 -179.671 -46.35 -131.437
353.624 -230.567 419.509 -179.671 -46.35 -131.05
351.482 -230.171 419.509 -179.671 -46.35 -130.737
349.646 -229.74 419.509 -179.671 -46.35 -130.498
348.113 -229.268 419.509 -179.671 -46.35 -130.332
346.882 -228.751 419.509 -179.671 -46.35 -130.239
345.954 -228.188 419.509 -179.671 -46.35 -130.219
345.328 -227.578 419.509 -179.671 -46.35 -130.271
345.006 -226.92 419.509 -179.671 -46.35 -130.395
344.987 -226.215 419.509 -179.671 -46.35 -130.592
345.276 -225.466 419.509 -179.671 -46.35 -130.861
345.873 -224.676 419.509 -179.671 -46.35 -131.203
346.782 -223.849 419.509 -179.671 -46.35 -131.618
348.008 -222.991 419.509 -179.671 -46.35 -132.106
349.553 -222.108 419.509 -179.671 -46.35 -132.669
351.421 -221.208 419.509 -179.671 -46.35 -133.306
353.617 -220.301 419.509 -179.671 -46.35 -134.018
352.826 -219.681 419.509 -179.671 -46.35 -134.018
