21.939033 -20.769275 -11.417537 0.000000 0.000000 -5.000000
21.356936 -19.923920 -11.228208 0.000000 0.000000 -3.338281
20.753139 -19.100375 -11.053299 0.000000 0.000000 -1.726240
20.128586 -18.297721 -10.892494 0.000000 0.000000 -0.169179
19.484219 -17.515037 -10.745474 0.000000 0.000000 1.328183
18.820981 -16.751403 -10.611923 0.000000 0.000000 2.761740
18.139814 -16.005899 -10.491522 0.000000 0.000000 4.127999
17.441662 -15.277603 -10.383956 0.000000 0.000000 5.424074
16.727467 -14.565597 -10.288905 0.000000 0.000000 6.647656
15.998171 -13.868958 -10.206054 0.000000 0.000000 7.796968
15.254719 -13.186768 -10.135083 0.000000 0.000000 8.870719
14.498051 -12.518105 -10.075677 0.000000 0.000000 9.868045
13.729111 -11.862050 -10.027517 0.000000 0.000000 10.788454
12.948841 -11.217681 -9.990287 0.000000 0.000000 11.631757
12.158185 -10.584079 -9.963668 0.000000 0.000000 12.398018
11.358085 -9.960323 -9.947344 0.000000 0.000000 13.087497
10.549483 -9.345493 -9.940996 0.000000 0.000000 13.700592
9.733323 -8.738669 -9.944308 0.000000 0.000000 14.237800
8.910547 -8.138929 -9.956963 0.000000 0.000000 14.699672
8.082097 -7.545354 -9.978642 0.000000 0.000000 15.086776
7.248918 -6.957024 -10.009028 0.000000 0.000000 15.399666
6.411950 -6.373017 -10.047804 0.000000 0.000000 15.638857
5.572137 -5.792414 -10.094653 0.000000 0.000000 15.804800
4.730421 -5.214294 -10.149257 0.000000 0.000000 15.897869
3.887746 -4.637737 -10.211299 0.000000 0.000000 15.918344
3.045054 -4.061822 -10.280461 0.000000 0.000000 15.866407
2.203288 -3.485629 -10.356426 0.000000 0.000000 15.742128
1.363390 -2.908238 -10.438877 0.000000 0.000000 15.545472
0.526303 -2.328729 -10.527496 0.000000 0.000000 15.276295
-0.307030 -1.746180 -10.621965 0.000000 0.000000 14.934351
-1.135667 -1.159672 -10.721968 0.000000 0.000000 14.519300
-1.958664 -0.568285 -10.827186 0.000000 0.000000 14.030724
-2.775080 0.028903 -10.937303 0.000000 0.000000 13.468136
-3.583971 0.632812 -11.052002 0.000000 0.000000 12.831011
-4.384395 1.244361 -11.170963 0.000000 0.000000 12.118801
-5.175408 1.864472 -11.293872 0.000000 0.000000 12.118801
