334.378 -380.735 526.337 156.415 -6.5093 -143.557
332.768 -380.821 526.337 156.415 -6.5093 -143.557
331.216 -381.06 526.337 156.415 -6.5093 -143.557
329.721 -381.44 526.337 156.415 -6.5093 -143.557
328.282 -381.952 526.337 156.415 -6.5093 -143.557
326.899 -382.586 526.337 156.415 -6.5093 -143.557
325.572 -383.331 526.337 156.415 -6.5093 -143.557
324.301 -384.178 526.337 156.415 -6.5093 -143.557
323.085 -385.116 526.337 156.415 -6.5093 -143.557
321.924 -386.136 526.337 156.415 -6.5093 -143.557
320.817 -387.227 526.337 156.415 -6.5093 -143.557
319.764 -388.379 526.337 156.415 -6.5093 -143.557
318.765 -389.583 526.337 156.415 -6.5093 -143.557
317.82 -390.828 526.337 156.415 -6.5093 -143.557
316.927 -392.104 526.337 156.415 -6.5093 -143.557
316.088 -393.401 526.337 156.415 -6.5093 -143.557
315.301 -394.71 526.337 156.415 -6.5093 -143.557
314.566 -396.019 526.337 156.415 -6.5093 -143.557
