263.480216 -310.698525 534.219319 -179.773000 -1.351000 -145.905000
261.870764 -310.785203 534.219319 -179.773000 -1.351000 -145.905000
260.318513 -311.023695 534.219319 -179.773000 -1.351000 -145.905000
258.823125 -311.403949 534.219319 -179.773000 -1.351000 -145.905000
257.384261 -311.915912 534.219319 -179.773000 -1.351000 -145.905000
256.001580 -312.549530 534.219319 -179.773000 -1.351000 -145.905000
254.674743 -313.294751 534.219319 -179.773000 -1.351000 -145.905000
253.403412 -314.141522 534.219319 -179.773000 -1.351000 -145.905000
252.187247 -315.079789 534.219319 -179.773000 -1.351000 -145.905000
251.025909 -316.099500 534.219319 -179.773000 -1.351000 -145.905000
249.919058 -317.190601 534.219319 -179.773000 -1.351000 -145.905000
248.866354 -318.343040 534.219319 -179.773000 -1.351000 -145.905000
247.867460 -319.546763 534.219319 -179.773000 -1.351000 -145.905000
246.922035 -320.791718 534.219319 -179.773000 -1.351000 -145.905000
246.029740 -322.067851 534.219319 -179.773000 -1.351000 -145.905000
245.190236 -323.365109 534.219319 -179.773000 -1.351000 -145.905000
244.403183 -324.673440 534.219319 -179.773000 -1.351000 -145.905000
243.668243 -325.982790 534.219319 -179.773000 -1.351000 -145.905000
