-9.518784 -0.106525 -7.521237 0.000000 0.000000 0.000000
-11.128236 -0.193203 -7.547268 0.000000 0.000000 0.000000
-12.680487 -0.431695 -7.613458 0.000000 0.000000 0.000000
-14.175875 -0.811949 -7.711940 0.000000 0.000000 0.000000
-15.614739 -1.323912 -7.834847 0.000000 0.000000 0.000000
-16.997420 -1.957530 -7.974312 0.000000 0.000000 0.000000
-18.324257 -2.702751 -8.122469 0.000000 0.000000 0.000000
-19.595588 -3.549522 -8.271451 0.000000 0.000000 0.000000
-20.811753 -4.487789 -8.413392 0.000000 0.000000 0.000000
-21.973091 -5.507500 -8.540423 0.000000 0.000000 0.000000
-23.079942 -6.598601 -8.644680 0.000000 0.000000 0.000000
-24.132646 -7.751040 -8.718294 0.000000 0.000000 0.000000
-25.131540 -8.954763 -8.753399 0.000000 0.000000 0.000000
-26.076965 -10.199718 -8.742128 0.000000 0.000000 0.000000
-26.969260 -11.475851 -8.676615 0.000000 0.000000 0.000000
-27.808764 -12.773109 -8.548992 0.000000 0.000000 0.000000
-28.595817 -14.081440 -8.351394 0.000000 0.000000 0.000000
-29.330757 -15.390790 -8.075952 0.000000 0.000000 0.000000
