452.036935 -299.943585 441.734593 170.329000 -46.350000 -151.137000
453.957378 -300.119255 441.734593 170.329000 -46.350000 -151.784702
455.844436 -300.304436 441.734593 170.329000 -46.350000 -152.423788
457.694523 -300.496520 441.734593 170.329000 -46.350000 -153.053291
459.504443 -300.692901 441.734593 170.329000 -46.350000 -153.672327
461.271376 -300.890997 441.734593 170.329000 -46.350000 -154.280093
462.992886 -301.088279 441.734593 170.329000 -46.350000 -154.875872
464.666918 -301.282299 441.734593 170.329000 -46.350000 -155.459033
466.291790 -301.470711 441.734593 170.329000 -46.350000 -156.029033
467.866176 -301.651284 441.734593 170.329000 -46.350000 -156.585413
469.389086 -301.821928 441.734593 170.329000 -46.350000 -157.127797
470.859845 -301.980695 441.734593 170.329000 -46.350000 -157.655888
472.278062 -302.125786 441.734593 170.329000 -46.350000 -158.169461
473.643619 -302.255565 441.734593 170.329000 -46.350000 -158.668363
474.956630 -302.368550 441.734593 170.329000 -46.350000 -159.152504
476.217418 -302.463419 441.734593 170.329000 -46.350000 -159.621852
477.426490 -302.539002 441.734593 170.329000 -46.350000 -160.076428
478.584514 -302.594278 441.734593 170.329000 -46.350000 -160.516300
479.692276 -302.628366 441.734593 170.329000 -46.350000 -160.941574
480.750679 -302.640515 441.734593 170.329000 -46.350000 -161.352393
481.760623 -302.630048 441.734593 170.329000 -46.350000 -161.748904
482.665988 -302.560140 441.734593 170.329000 -46.350000 -162.114394
483.312856 -302.329535 441.734593 170.329000 -46.350000 -162.402951
483.677786 -301.918695 441.734593 170.329000 -46.350000 -162.607206
483.763003 -301.326063 441.734593 170.329000 -46.350000 -162.727618
483.569769 -300.551239 441.734593 170.329000 -46.350000 -162.764596
483.098325 -299.594907 441.734593 170.329000 -46.350000 -162.718482
482.347809 -298.458765 441.734593 170.329000 -46.350000 -162.589525
481.316282 -297.145523 441.734593 170.329000 -46.350000 -162.377884
480.000722 -295.658890 441.734593 170.329000 -46.350000 -162.083622
478.397091 -294.003626 441.734593 170.329000 -46.350000 -161.706720
476.500421 -292.185604 441.734593 170.329000 -46.350000 -161.247094
474.304953 -290.211904 441.734593 170.329000 -46.350000 -160.704626
471.804283 -288.090923 441.734593 170.329000 -46.350000 -160.079194
468.991605 -285.832508 441.734593 170.329000 -46.350000 -159.370724
468.625187 -284.998285 441.734593 170.329000 -46.350000 -159.370724
