448.602 -301.41 431.559 170.329 -46.35 -151.137
450.522 -301.585 431.559 170.329 -46.35 -151.785
452.41 -301.771 431.559 170.329 -46.35 -152.424
454.26 -301.963 431.559 170.329 -46.35 -153.053
456.07 -302.159 431.559 170.329 -46.35 -153.672
457.836 -302.357 431.559 170.329 -46.35 -154.28
459.558 -302.554 431.559 170.329 -46.35 -154.876
461.232 -302.748 431.559 170.329 -46.35 -155.459
462.857 -302.937 431.559 170.329 -46.35 -156.029
464.431 -303.117 431.559 170.329 -46.35 -156.585
465.954 -303.288 431.559 170.329 -46.35 -157.128
467.425 -303.447 431.559 170.329 -46.35 -157.656
468.843 -303.592 431.559 170.329 -46.35 -158.169
470.209 -303.722 431.559 170.329 -46.35 -158.668
471.522 -303.835 431.559 170.329 -46.35 -159.153
472.783 -303.93 431.559 170.329 -46.35 -159.622
473.992 -304.005 431.559 170.329 -46.35 -160.076
475.15 -304.06 431.559 170.329 -46.35 -160.516
476.257 -304.094 431.559 170.329 -46.35 -160.942
477.316 -304.107 431.559 170.329 -46.35 -161.352
478.326 -304.096 431.559 170.329 -46.35 -161.749
479.231 -304.026 431.559 170.329 -46.35 -162.114
479.878 -303.796 431.559 170.329 -46.35 -162.403
480.243 -303.385 431.559 170.329 -46.35 -162.607
480.328 -302.792 431.559 170.329 -46.35 -162.728
480.135 -302.017 431.559 170.329 -46.35 -162.765
479.663 -301.061 431.559 170.329 -46.35 -162.718
478.913 -299.925 431.559 170.329 -46.35 -162.59
477.881 -298.612 431.559 170.329 -46.35 -162.378
476.566 -297.125 431.559 170.329 -46.35 -162.084
474.962 -295.47 431.559 170.329 -46.35 -161.707
473.066 -293.652 431.559 170.329 -46.35 -161.247
470.87 -291.678 431.559 170.329 -46.35 -160.705
468.369 -289.557 431.559 170.329 -46.35 -160.079
465.557 -287.299 431.559 170.329 -46.35 -159.371
465.19 -286.464 431.559 170.329 -46.35 -159.371
