-13.540695 -49.658460 -8.957388 0.000000 0.000000 -5.000000
-14.029620 -48.872360 -8.738860 0.000000 0.000000 -5.647702
-14.509074 -48.081930 -8.538561 0.000000 0.000000 -6.286788
-14.979232 -47.287285 -8.356004 0.000000 0.000000 -6.916291
-15.440270 -46.488543 -8.190703 0.000000 0.000000 -7.535327
-15.892365 -45.685818 -8.042169 0.000000 0.000000 -8.143093
-16.335692 -44.879227 -7.909915 0.000000 0.000000 -8.738872
-16.770428 -44.068886 -7.793455 0.000000 0.000000 -9.322033
-17.196749 -43.254911 -7.692300 0.000000 0.000000 -9.892033
-17.614830 -42.437417 -7.605964 0.000000 0.000000 -10.448413
-18.024848 -41.616521 -7.533959 0.000000 0.000000 -10.990797
-18.426979 -40.792338 -7.475797 0.000000 0.000000 -11.518888
-18.821400 -39.964985 -7.430992 0.000000 0.000000 -12.032461
-19.208285 -39.134577 -7.399056 0.000000 0.000000 -12.531363
-19.587811 -38.301231 -7.379502 0.000000 0.000000 -13.015504
-19.960154 -37.465062 -7.371843 0.000000 0.000000 -13.484852
-20.325491 -36.626187 -7.375590 0.000000 0.000000 -13.939428
-20.683997 -35.784720 -7.390258 0.000000 0.000000 -14.379300
-21.035848 -34.940779 -7.415358 0.000000 0.000000 -14.804574
-21.381221 -34.094479 -7.450403 0.000000 0.000000 -15.215393
-21.720291 -33.245936 -7.494906 0.000000 0.000000 -15.611904
-22.053236 -32.395267 -7.548380 0.000000 0.000000 -15.977394
-22.380489 -31.542674 -7.610247 0.000000 0.000000 -16.265951
-22.703191 -30.688599 -7.679685 0.000000 0.000000 -16.470206
-23.022604 -29.833525 -7.755831 0.000000 0.000000 -16.590618
-23.339987 -28.977935 -7.837820 0.000000 0.000000 -16.627596
-23.656601 -28.122311 -7.924790 0.000000 0.000000 -16.581482
-23.973707 -27.267134 -8.015876 0.000000 0.000000 -16.452525
-24.292565 -26.412889 -8.110214 0.000000 0.000000 -16.240884
-24.614436 -25.560056 -8.206942 0.000000 0.000000 -15.946622
-24.940580 -24.709119 -8.305195 0.000000 0.000000 -15.569720
-25.272257 -23.860560 -8.404110 0.000000 0.000000 -15.110094
-25.610729 -23.014861 -8.502823 0.000000 0.000000 -14.567626
-25.957256 -22.172505 -8.600470 0.000000 0.000000 -13.942194
-26.313097 -21.333974 -8.696188 0.000000 0.000000 -13.233724
-26.679515 -20.499751 -8.789112 0.000000 0.000000 -13.233724
