-38.290195 -20.603386 -11.613950 0.000000 0.000000 -60.282617
-37.759460 -19.523115 -11.886839 0.000000 0.000000 -60.079855
-37.234990 -18.418791 -12.123673 0.000000 0.000000 -60.100206
-36.711747 -17.297053 -12.327178 0.000000 0.000000 -60.361106
-36.184690 -16.164538 -12.500079 0.000000 0.000000 -60.878267
-35.648778 -15.027883 -12.645100 0.000000 0.000000 -61.667308
-35.098973 -13.893726 -12.764967 0.000000 0.000000 -62.744834
-34.530235 -12.768704 -12.862403 0.000000 0.000000 -64.129013
-33.937522 -11.659453 -12.940133 0.000000 0.000000 -65.839635
-33.315796 -10.572613 -13.000883 0.000000 0.000000 -67.897578
-32.660016 -9.514819 -13.047377 0.000000 0.000000 -70.323501
-31.965143 -8.492709 -13.082340 0.000000 0.000000 -73.135577
-31.226136 -7.512921 -13.108496 0.000000 0.000000 -76.346038
-30.437956 -6.582091 -13.128570 0.000000 0.000000 -79.871522
-29.597006 -5.705593 -13.144467 0.000000 0.000000 -83.399865
-28.704829 -4.884295 -13.155167 0.000000 0.000000 -86.853534
-27.764114 -4.118061 -13.159001 0.000000 0.000000 -90.224673
-26.777548 -3.406757 -13.154299 0.000000 0.000000 -93.507380
-25.747820 -2.750247 -13.139391 0.000000 0.000000 -96.697317
-24.677618 -2.148397 -13.112608 0.000000 0.000000 -99.791267
-23.569630 -1.601072 -13.072280 0.000000 0.000000 -102.784947
-22.426561 -1.108106 -13.016765 0.000000 0.000000 -105.603343
-21.251896 -0.667983 -12.945657 0.000000 0.000000 -108.154768
-20.050182 -0.277341 -12.860236 0.000000 0.000000 -110.448212
-18.826043 0.067319 -12.761909 0.000000 0.000000 -112.500945
-17.584106 0.369493 -12.652079 0.000000 0.000000 -114.329911
-16.328994 0.632680 -12.532152 0.000000 0.000000 -115.950930
-15.065334 0.860375 -12.403531 0.000000 0.000000 -117.378171
-13.797749 1.056076 -12.267621 0.000000 0.000000 -118.623810
-12.530864 1.223280 -12.125827 0.000000 0.000000 -119.697804
-11.269306 1.365485 -11.979554 0.000000 0.000000 -120.607715
-10.017698 1.486188 -11.830205 0.000000 0.000000 -121.358521
-8.780665 1.588886 -11.679186 0.000000 0.000000 -121.952391
-7.562833 1.677076 -11.527901 0.000000 0.000000 -122.388348
-6.368826 1.754255 -11.377755 0.000000 0.000000 -122.661793
-5.203269 1.823921 -11.230152 0.000000 0.000000 -122.661793
