168.227522 -493.081906 437.004648 170.314000 43.649000 -140.683000
167.537144 -491.452537 437.004648 170.314000 43.649000 -140.919304
166.853067 -489.899144 437.004648 170.314000 43.649000 -141.136181
166.174184 -488.423752 437.004648 170.314000 43.649000 -141.333204
165.499449 -487.027984 437.004648 170.314000 43.649000 -141.510044
164.827891 -485.713117 437.004648 170.314000 43.649000 -141.666455
164.158616 -484.480163 437.004648 170.314000 43.649000 -141.802256
163.490820 -483.329901 437.004648 170.314000 43.649000 -141.917322
162.823788 -482.262947 437.004648 170.314000 43.649000 -142.011568
162.156893 -481.279786 437.004648 170.314000 43.649000 -142.084941
161.489610 -480.380791 437.004648 170.314000 43.649000 -142.137416
160.821500 -479.566253 437.004648 170.314000 43.649000 -142.168988
160.152224 -478.836395 437.004648 170.314000 43.649000 -142.179669
159.481534 -478.191386 437.004648 170.314000 43.649000 -142.169485
158.809277 -477.631308 437.004648 170.314000 43.649000 -142.138484
158.135394 -477.156175 437.004648 170.314000 43.649000 -142.086730
157.459918 -476.765895 437.004648 170.314000 43.649000 -142.014315
156.782974 -476.460245 437.004648 170.314000 43.649000 -141.921362
156.104777 -476.238833 437.004648 170.314000 43.649000 -141.808037
155.425624 -476.101056 437.004648 170.314000 43.649000 -141.674556
154.745898 -476.046042 437.004648 170.314000 43.649000 -141.521203
154.066054 -476.072593 437.004648 170.314000 43.649000 -141.348339
153.386612 -476.179115 437.004648 170.314000 43.649000 -141.156424
152.708144 -476.363549 437.004648 170.314000 43.649000 -140.946029
152.031259 -476.623309 437.004648 170.314000 43.649000 -140.717855
151.356584 -476.955195 437.004648 170.314000 43.649000 -140.472751
150.684742 -477.355333 437.004648 170.314000 43.649000 -140.211730
150.016317 -477.819125 437.004648 170.314000 43.649000 -139.935982
149.351835 -478.341198 437.004648 170.314000 43.649000 -139.646885
148.691723 -478.915388 437.004648 170.314000 43.649000 -139.346010
148.036280 -479.534750 437.004648 170.314000 43.649000 -139.035119
147.385640 -480.191582 437.004648 170.314000 43.649000 -138.716159
146.739746 -480.877498 437.004648 170.314000 43.649000 -138.391246
146.098323 -481.583545 437.004648 170.314000 43.649000 -138.062635
145.460868 -482.300352 437.004648 170.314000 43.649000 -137.732687
144.744921 -481.682449 437.004648 170.314000 43.649000 -137.732687
