168.191 -493.109 436.923 170.314 43.649 -140.683
167.5 -491.48 436.923 170.314 43.649 -140.919
166.816 -489.927 436.923 170.314 43.649 -141.136
166.137 -488.451 436.923 170.314 43.649 -141.333
165.462 -487.055 436.923 170.314 43.649 -141.51
164.791 -485.741 436.923 170.314 43.649 -141.666
164.122 -484.508 436.923 170.314 43.649 -141.802
163.454 -483.357 436.923 170.314 43.649 -141.917
162.787 -482.29 436.923 170.314 43.649 -142.012
162.12 -481.307 436.923 170.314 43.649 -142.085
161.453 -480.408 436.923 170.314 43.649 -142.137
160.784 -479.594 436.923 170.314 43.649 -142.169
160.115 -478.864 436.923 170.314 43.649 -142.18
159.445 -478.219 436.923 170.314 43.649 -142.169
158.772 -477.659 436.923 170.314 43.649 -142.138
158.098 -477.184 436.923 170.314 43.649 -142.087
157.423 -476.793 436.923 170.314 43.649 -142.014
156.746 -476.488 436.923 170.314 43.649 -141.921
156.068 -476.266 436.923 170.314 43.649 -141.808
155.389 -476.129 436.923 170.314 43.649 -141.675
154.709 -476.074 436.923 170.314 43.649 -141.521
154.029 -476.1 436.923 170.314 43.649 -141.348
153.35 -476.207 436.923 170.314 43.649 -141.156
152.671 -476.391 436.923 170.314 43.649 -140.946
151.994 -476.651 436.923 170.314 43.649 -140.718
151.32 -476.983 436.923 170.314 43.649 -140.473
150.648 -477.383 436.923 170.314 43.649 -140.212
149.979 -477.847 436.923 170.314 43.649 -139.936
149.315 -478.369 436.923 170.314 43.649 -139.647
148.655 -478.943 436.923 170.314 43.649 -139.346
147.999 -479.562 436.923 170.314 43.649 -139.035
147.349 -480.219 436.923 170.314 43.649 -138.716
146.703 -480.905 436.923 170.314 43.649 -138.391
146.061 -481.611 436.923 170.314 43.649 -138.063
145.424 -482.328 436.923 170.314 43.649 -137.733
144.708 -481.71 436.923 170.314 43.649 -137.733
