19.693919 -27.614956 -8.680721 0.000000 0.000000 5.000000
19.008035 -26.947251 -8.663419 0.000000 0.000000 4.763696
18.324592 -26.276470 -8.632668 0.000000 0.000000 4.546819
17.643389 -25.602889 -8.589808 0.000000 0.000000 4.349796
16.964224 -24.926784 -8.536175 0.000000 0.000000 4.172956
16.286896 -24.248429 -8.473108 0.000000 0.000000 4.016545
15.611203 -23.568100 -8.401946 0.000000 0.000000 3.880744
14.936943 -22.886072 -8.324027 0.000000 0.000000 3.765678
14.263916 -22.202619 -8.240689 0.000000 0.000000 3.671432
13.591918 -21.518017 -8.153269 0.000000 0.000000 3.598059
12.920750 -20.832542 -8.063108 0.000000 0.000000 3.545584
12.250209 -20.146468 -7.971542 0.000000 0.000000 3.514012
11.580094 -19.460070 -7.879910 0.000000 0.000000 3.503331
10.910204 -18.773623 -7.789550 0.000000 0.000000 3.513515
10.240336 -18.087404 -7.701801 0.000000 0.000000 3.544516
9.570289 -17.401686 -7.618000 0.000000 0.000000 3.596270
8.899862 -16.716745 -7.539486 0.000000 0.000000 3.668685
8.228853 -16.032856 -7.467597 0.000000 0.000000 3.761638
7.557061 -15.350295 -7.403672 0.000000 0.000000 3.874963
6.884283 -14.669335 -7.349048 0.000000 0.000000 4.008444
6.210319 -13.990254 -7.305065 0.000000 0.000000 4.161797
5.534967 -13.313324 -7.273059 0.000000 0.000000 4.334661
4.858026 -12.638823 -7.254370 0.000000 0.000000 4.526576
4.179293 -11.967024 -7.250335 0.000000 0.000000 4.736971
3.498568 -11.298204 -7.262294 0.000000 0.000000 4.965145
2.815648 -10.632637 -7.291583 0.000000 0.000000 5.210249
2.130333 -9.970597 -7.339542 0.000000 0.000000 5.471270
1.442420 -9.312362 -7.407508 0.000000 0.000000 5.747018
0.751708 -8.658205 -7.496821 0.000000 0.000000 6.036115
0.057996 -8.008401 -7.608817 0.000000 0.000000 6.336990
-0.638918 -7.363227 -7.744835 0.000000 0.000000 6.647881
-1.339235 -6.722956 -7.906215 0.000000 0.000000 6.966841
-2.043157 -6.087865 -8.094293 0.000000 0.000000 7.291754
-2.750887 -5.458227 -8.310408 0.000000 0.000000 7.620365
-3.462624 -4.834319 -8.555898 0.000000 0.000000 7.950313
-4.178571 -4.216416 -8.832102 0.000000 0.000000 7.950313
