257.391699 -369.832217 486.354202 -179.773000 -1.351000 -129.679348
258.392082 -367.087048 486.354202 -179.773000 -1.351000 -130.540311
259.308515 -364.499821 486.354202 -179.773000 -1.351000 -131.342367
260.124737 -362.077414 486.354202 -179.773000 -1.351000 -132.081346
260.825747 -359.825185 486.354202 -179.773000 -1.351000 -132.753612
261.397962 -357.747179 486.354202 -179.773000 -1.351000 -133.356054
261.829306 -355.846358 486.354202 -179.773000 -1.351000 -133.886062
262.109257 -354.124839 486.354202 -179.773000 -1.351000 -134.341491
262.228823 -352.584163 486.354202 -179.773000 -1.351000 -134.720609
262.180485 -351.225534 486.354202 -179.773000 -1.351000 -135.022041
261.958123 -350.050048 486.354202 -179.773000 -1.351000 -135.244713
261.556913 -349.058901 486.354202 -179.773000 -1.351000 -135.387792
260.973221 -348.253574 486.354202 -179.773000 -1.351000 -135.450629
260.204508 -347.635989 486.354202 -179.773000 -1.351000 -135.432710
259.249249 -347.208621 486.354202 -179.773000 -1.351000 -135.333614
258.106846 -346.974632 486.354202 -179.773000 -1.351000 -135.152967
256.777594 -346.937914 486.354202 -179.773000 -1.351000 -134.890421
255.262635 -347.103163 486.354202 -179.773000 -1.351000 -134.545622
253.563975 -347.475898 486.354202 -179.773000 -1.351000 -134.118203
251.684754 -348.062172 486.354202 -179.773000 -1.351000 -133.607892
249.651603 -348.843570 486.354202 -179.773000 -1.351000 -133.024724
247.508236 -349.781590 486.354202 -179.773000 -1.351000 -132.386678
245.262189 -350.877072 486.354202 -179.773000 -1.351000 -131.695302
242.917430 -352.135549 486.354202 -179.773000 -1.351000 -130.950297
240.478471 -353.562743 486.354202 -179.773000 -1.351000 -130.151380
237.950436 -355.164485 486.354202 -179.773000 -1.351000 -129.298299
235.339082 -356.946676 486.354202 -179.773000 -1.351000 -128.390842
232.650876 -358.915179 486.354202 -179.773000 -1.351000 -127.428861
229.893032 -361.075730 486.354202 -179.773000 -1.351000 -126.412289
227.073549 -363.433835 486.354202 -179.773000 -1.351000 -125.341160
224.201251 -365.994635 486.354202 -179.773000 -1.351000 -124.215635
221.285816 -368.762768 486.354202 -179.773000 -1.351000 -123.036028
218.337774 -371.742222 486.354202 -179.773000 -1.351000 -121.802829
215.368510 -374.936157 486.354202 -179.773000 -1.351000 -120.516738
212.390224 -378.346751 486.354202 -179.773000 -1.351000 -119.178686
211.501144 -377.925084 486.354202 -179.773000 -1.351000 -119.178686
