22.976330 -22.712527 -7.938524 0.000000 0.000000 16.225652
22.204564 -22.166033 -7.579532 0.000000 0.000000 15.364689
21.440546 -21.602876 -7.249452 0.000000 0.000000 14.562633
20.683534 -21.024371 -6.947484 0.000000 0.000000 13.823654
19.932787 -20.431831 -6.672825 0.000000 0.000000 13.151388
19.187563 -19.826571 -6.424674 0.000000 0.000000 12.548946
18.447121 -19.209905 -6.202229 0.000000 0.000000 12.018938
17.710718 -18.583146 -6.004689 0.000000 0.000000 11.563509
16.977614 -17.947608 -5.831252 0.000000 0.000000 11.184391
16.247066 -17.304605 -5.681116 0.000000 0.000000 10.882959
15.518334 -16.655452 -5.553480 0.000000 0.000000 10.660287
14.790675 -16.001462 -5.447543 0.000000 0.000000 10.517208
14.063348 -15.343949 -5.362502 0.000000 0.000000 10.454371
13.335611 -14.684228 -5.297556 0.000000 0.000000 10.472290
12.606722 -14.023611 -5.251903 0.000000 0.000000 10.571386
11.875941 -13.363413 -5.224742 0.000000 0.000000 10.752033
11.142525 -12.704949 -5.215272 0.000000 0.000000 11.014579
10.405732 -12.049531 -5.222690 0.000000 0.000000 11.359378
9.664822 -11.398475 -5.246194 0.000000 0.000000 11.786797
8.919052 -10.753093 -5.284985 0.000000 0.000000 12.297108
8.167683 -10.114698 -5.338259 0.000000 0.000000 12.880276
7.410083 -9.484461 -5.405283 0.000000 0.000000 13.518322
6.645814 -8.863302 -5.485437 0.000000 0.000000 14.209698
5.874458 -8.252115 -5.578114 0.000000 0.000000 14.954703
5.095594 -7.651798 -5.682706 0.000000 0.000000 15.753620
4.308806 -7.063244 -5.798605 0.000000 0.000000 16.606701
3.513673 -6.487350 -5.925204 0.000000 0.000000 17.514158
2.709777 -5.925011 -6.061895 0.000000 0.000000 18.476139
1.896699 -5.377122 -6.208070 0.000000 0.000000 19.492711
1.074021 -4.844578 -6.363123 0.000000 0.000000 20.563840
0.241322 -4.328275 -6.526445 0.000000 0.000000 21.689365
-0.601815 -3.829109 -6.697428 0.000000 0.000000 22.868972
-1.455809 -3.347974 -6.875466 0.000000 0.000000 24.102171
-2.321080 -2.885766 -7.059950 0.000000 0.000000 25.388262
-3.198046 -2.443380 -7.250273 0.000000 0.000000 26.726314
-4.087126 -2.021713 -7.445827 0.000000 0.000000 26.726314
