257.392 -369.832 486.354 -179.773 -1.351 -129.679
258.392 -367.087 486.354 -179.773 -1.351 -130.54
259.309 -364.5 486.354 -179.773 -1.351 -131.342
260.125 -362.077 486.354 -179.773 -1.351 -132.081
260.826 -359.825 486.354 -179.773 -1.351 -132.754
261.398 -357.747 486.354 -179.773 -1.351 -133.356
261.829 -355.846 486.354 -179.773 -1.351 -133.886
262.109 -354.125 486.354 -179.773 -1.351 -134.341
262.229 -352.584 486.354 -179.773 -1.351 -134.721
262.18 -351.226 486.354 -179.773 -1.351 -135.022
261.958 -350.05 486.354 -179.773 -1.351 -135.245
261.557 -349.059 486.354 -179.773 -1.351 -135.388
260.973 -348.254 486.354 -179.773 -1.351 -135.451
260.205 -347.636 486.354 -179.773 -1.351 -135.433
259.249 -347.209 486.354 -179.773 -1.351 -135.334
258.107 -346.975 486.354 -179.773 -1.351 -135.153
256.778 -346.938 486.354 -179.773 -1.351 -134.89
255.263 -347.103 486.354 -179.773 -1.351 -134.546
253.564 -347.476 486.354 -179.773 -1.351 -134.118
251.685 -348.062 486.354 -179.773 -1.351 -133.608
249.652 -348.844 486.354 -179.773 -1.351 -133.025
247.508 -349.782 486.354 -179.773 -1.351 -132.387
245.262 -350.877 486.354 -179.773 -1.351 -131.695
242.917 -352.136 486.354 -179.773 -1.351 -130.95
240.478 -353.563 486.354 -179.773 -1.351 -130.151
237.95 -355.164 486.354 -179.773 -1.351 -129.298
235.339 -356.947 486.354 -179.773 -1.351 -128.391
232.651 -358.915 486.354 -179.773 -1.351 -127.429
229.893 -361.076 486.354 -179.773 -1.351 -126.412
227.074 -363.434 486.354 -179.773 -1.351 -125.341
224.201 -365.995 486.354 -179.773 -1.351 -124.216
221.286 -368.763 486.354 -179.773 -1.351 -123.036
218.338 -371.742 486.354 -179.773 -1.351 -121.803
215.369 -374.936 486.354 -179.773 -1.351 -120.517
212.39 -378.347 486.354 -179.773 -1.351 -119.179
211.501 -377.925 486.354 -179.773 -1.351 -119.179
