114.373788 -474.194995 414.456545 -179.686000 43.649000 -140.683000
115.031597 -466.818347 414.456545 -179.686000 43.649000 -142.217999
115.841897 -459.665536 414.456545 -179.686000 43.649000 -143.705360
116.784662 -452.747698 414.456545 -179.686000 43.649000 -145.142741
117.839979 -446.073338 414.456545 -179.686000 43.649000 -146.528204
118.988330 -439.648527 414.456545 -179.686000 43.649000 -147.860190
120.210819 -433.477160 414.456545 -179.686000 43.649000 -149.137484
121.489340 -427.561218 414.456545 -179.686000 43.649000 -150.359177
122.806702 -421.901063 414.456545 -179.686000 43.649000 -151.524625
124.146713 -416.495680 414.456545 -179.686000 43.649000 -152.633415
125.494216 -411.342961 414.456545 -179.686000 43.649000 -153.685322
126.835106 -406.439946 414.456545 -179.686000 43.649000 -154.680273
128.156308 -401.783046 414.456545 -179.686000 43.649000 -155.618314
129.445746 -397.368247 414.456545 -179.686000 43.649000 -156.499577
130.692288 -393.191307 414.456545 -179.686000 43.649000 -157.324249
131.885689 -389.247904 414.456545 -179.686000 43.649000 -158.092547
133.016524 -385.533786 414.456545 -179.686000 43.649000 -158.804694
134.076119 -382.044897 414.456545 -179.686000 43.649000 -159.460897
135.056486 -378.777468 414.456545 -179.686000 43.649000 -160.061330
135.950245 -375.728138 414.456545 -179.686000 43.649000 -160.606114
136.750589 -372.893988 414.456545 -179.686000 43.649000 -161.095311
137.451209 -370.272641 414.456545 -179.686000 43.649000 -161.528906
138.046254 -367.862304 414.456545 -179.686000 43.649000 -161.906799
138.530297 -365.661803 414.456545 -179.686000 43.649000 -162.228801
138.898312 -363.670629 414.456545 -179.686000 43.649000 -162.494628
139.145651 -361.888959 414.456545 -179.686000 43.649000 -162.703896
139.268043 -360.317680 414.456545 -179.686000 43.649000 -162.856124
139.261603 -358.958395 414.456545 -179.686000 43.649000 -162.950733
139.122858 -357.813425 414.456545 -179.686000 43.649000 -162.987054
138.848772 -356.885806 414.456545 -179.686000 43.649000 -162.964331
138.436814 -356.179255 414.456545 -179.686000 43.649000 -162.881738
137.885009 -355.698157 414.456545 -179.686000 43.649000 -162.738387
137.192015 -355.447513 414.456545 -179.686000 43.649000 -162.533346
136.357236 -355.432852 414.456545 -179.686000 43.649000 -162.265668
135.380910 -355.660173 414.456545 -179.686000 43.649000 -161.934409
135.149968 -354.671247 414.456545 -179.686000 43.649000 -161.934409
