111.836 -476.164 408.136 -179.686 43.649 -140.683
112.494 -468.787 408.136 -179.686 43.649 -142.218
113.305 -461.634 408.136 -179.686 43.649 -143.705
114.247 -454.716 408.136 -179.686 43.649 -145.143
115.303 -448.042 408.136 -179.686 43.649 -146.528
116.451 -441.617 408.136 -179.686 43.649 -147.86
117.674 -435.446 408.136 -179.686 43.649 -149.137
118.952 -429.53 408.136 -179.686 43.649 -150.359
120.269 -423.87 408.136 -179.686 43.649 -151.525
121.609 -418.464 408.136 -179.686 43.649 -152.633
122.957 -413.311 408.136 -179.686 43.649 -153.685
124.298 -408.408 408.136 -179.686 43.649 -154.68
125.619 -403.752 408.136 -179.686 43.649 -155.618
126.908 -399.337 408.136 -179.686 43.649 -156.5
128.155 -395.16 408.136 -179.686 43.649 -157.324
129.348 -391.216 408.136 -179.686 43.649 -158.093
130.479 -387.502 408.136 -179.686 43.649 -158.805
131.539 -384.013 408.136 -179.686 43.649 -159.461
132.519 -380.746 408.136 -179.686 43.649 -160.061
133.413 -377.697 408.136 -179.686 43.649 -160.606
134.213 -374.863 408.136 -179.686 43.649 -161.095
134.914 -372.241 408.136 -179.686 43.649 -161.529
135.509 -369.831 408.136 -179.686 43.649 -161.907
135.993 -367.63 408.136 -179.686 43.649 -162.229
136.361 -365.639 408.136 -179.686 43.649 -162.495
136.608 -363.857 408.136 -179.686 43.649 -162.704
136.731 -362.286 408.136 -179.686 43.649 -162.856
136.724 -360.927 408.136 -179.686 43.649 -162.951
136.586 -359.782 408.136 -179.686 43.649 -162.987
136.311 -358.854 408.136 -179.686 43.649 -162.964
135.899 -358.148 408.136 -179.686 43.649 -162.882
135.348 -357.667 408.136 -179.686 43.649 -162.738
134.655 -357.416 408.136 -179.686 43.649 -162.533
133.82 -357.401 408.136 -179.686 43.649 -162.266
132.844 -357.629 408.136 -179.686 43.649 -161.934
132.613 -356.64 408.136 -179.686 43.649 -161.934
