-23.374419 -53.800600 -9.862299 0.000000 0.000000 5.000000
-23.969475 -52.943261 -9.811874 0.000000 0.000000 3.465001
-24.539330 -52.073235 -9.757749 0.000000 0.000000 1.977640
-25.084862 -51.191055 -9.700540 0.000000 0.000000 0.540259
-25.606950 -50.297257 -9.640866 0.000000 0.000000 -0.845204
-26.106472 -49.392375 -9.579346 0.000000 0.000000 -2.177190
-26.584307 -48.476943 -9.516598 0.000000 0.000000 -3.454484
-27.041332 -47.551495 -9.453240 0.000000 0.000000 -4.676177
-27.478426 -46.616566 -9.389891 0.000000 0.000000 -5.841625
-27.896466 -45.672690 -9.327168 0.000000 0.000000 -6.950415
-28.296333 -44.720402 -9.265690 0.000000 0.000000 -8.002322
-28.678903 -43.760235 -9.206075 0.000000 0.000000 -8.997273
-29.045055 -42.792726 -9.148942 0.000000 0.000000 -9.935314
-29.395667 -41.818406 -9.094909 0.000000 0.000000 -10.816577
-29.731618 -40.837812 -9.044594 0.000000 0.000000 -11.641249
-30.053785 -39.851477 -8.998616 0.000000 0.000000 -12.409547
-30.363048 -38.859936 -8.957592 0.000000 0.000000 -13.121694
-30.660284 -37.863724 -8.922141 0.000000 0.000000 -13.777897
-30.946371 -36.863374 -8.892882 0.000000 0.000000 -14.378330
-31.222189 -35.859421 -8.870433 0.000000 0.000000 -14.923114
-31.488614 -34.852399 -8.855411 0.000000 0.000000 -15.412311
-31.746527 -33.842843 -8.848435 0.000000 0.000000 -15.845906
-31.996803 -32.831287 -8.850124 0.000000 0.000000 -16.223799
-32.240323 -31.818265 -8.861096 0.000000 0.000000 -16.545801
-32.477965 -30.804313 -8.881969 0.000000 0.000000 -16.811628
-32.710605 -29.789963 -8.913362 0.000000 0.000000 -17.020896
-32.939124 -28.775752 -8.955892 0.000000 0.000000 -17.173124
-33.164399 -27.762212 -9.010178 0.000000 0.000000 -17.267733
-33.387308 -26.749879 -9.076838 0.000000 0.000000 -17.304054
-33.608730 -25.739286 -9.156491 0.000000 0.000000 -17.281331
-33.829543 -24.730968 -9.249755 0.000000 0.000000 -17.198738
-34.050625 -23.725460 -9.357248 0.000000 0.000000 -17.055387
-34.272855 -22.723296 -9.479589 0.000000 0.000000 -16.850346
-34.497110 -21.725010 -9.617395 0.000000 0.000000 -16.582668
-34.724270 -20.731137 -9.771285 0.000000 0.000000 -16.251409
-34.955212 -19.742211 -9.941878 0.000000 0.000000 -16.251409
