253.069503 -248.680906 405.022203 -179.669000 46.648000 159.839283
260.341015 -244.813503 405.022203 -179.669000 46.648000 158.170205
267.891212 -241.103953 405.022203 -179.669000 46.648000 156.460759
275.744196 -237.564353 405.022203 -179.669000 46.648000 154.705004
283.924045 -234.210453 405.022203 -179.669000 46.648000 152.897010
292.454488 -231.061909 405.022203 -179.669000 46.648000 151.030871
301.358402 -228.142570 405.022203 -179.669000 46.648000 149.100750
310.657216 -225.480746 405.022203 -179.669000 46.648000 147.100934
320.370105 -223.109423 405.022203 -179.669000 46.648000 145.025919
330.513002 -221.066410 405.022203 -179.669000 46.648000 142.870526
341.097445 -219.394318 405.022203 -179.669000 46.648000 140.630037
352.129164 -218.140351 405.022203 -179.669000 46.648000 138.300380
363.606524 -217.355784 405.022203 -179.669000 46.648000 135.878340
375.518826 -217.095083 405.022203 -179.669000 46.648000 133.361806
387.844570 -217.414537 405.022203 -179.669000 46.648000 130.750047
400.549806 -218.370379 405.022203 -179.669000 46.648000 128.044005
413.586782 -220.016325 405.022203 -179.669000 46.648000 125.246586
426.893061 -222.400578 405.022203 -179.669000 46.648000 122.362937
440.391432 -225.562418 405.022203 -179.669000 46.648000 119.400660
453.990768 -229.528555 405.022203 -179.669000 46.648000 116.369954
467.588042 -234.309592 405.022203 -179.669000 46.648000 113.283636
481.064403 -239.893187 405.022203 -179.669000 46.648000 110.158855
493.863464 -245.983198 405.022203 -179.669000 46.648000 107.129654
505.327576 -252.063735 405.022203 -179.669000 46.648000 104.374802
515.562160 -257.998130 405.022203 -179.669000 46.648000 101.882796
524.713542 -263.711158 405.022203 -179.669000 46.648000 99.629907
532.891792 -269.134626 405.022203 -179.669000 46.648000 97.600615
540.167301 -274.192185 405.022203 -179.669000 46.648000 95.789506
546.568603 -278.785890 405.022203 -179.669000 46.648000 94.203053
552.079480 -282.783732 405.022203 -179.669000 46.648000 92.861620
556.633133 -286.007188 405.022203 -179.669000 46.648000 91.802095
560.100747 -288.218031 405.022203 -179.669000 46.648000 91.081592
562.270257 -289.104135 405.022203 -179.669000 46.648000 90.782829
562.808967 -288.265720 405.022203 -179.669000 46.648000 91.021884
561.200332 -285.208140 405.022203 -179.669000 46.648000 91.958980
562.409385 -285.166040 405.022203 -179.669000 46.648000 91.958980
