-2.451205794962470108e+01 1.619172631321482214e+01 -1.976128976340471866e+02
-2.412563634624806141e+01 1.742711370834695828e+01 -1.976626480641444346e+02
-2.370344037266777093e+01 1.865004210153563591e+01 -1.977131764566219942e+02
-2.324541224253188076e+01 1.985818238679354408e+01 -1.977637484578290525e+02
-2.275149416948847758e+01 2.104920545813338251e+01 -1.978136297141150521e+02
-2.222162836718563028e+01 2.222078220956783312e+01 -1.978620858718290663e+02
-2.165575704927138645e+01 2.337058353510959918e+01 -1.979083825773203671e+02
-2.105382242939384341e+01 2.449628032877137329e+01 -1.979517854769382552e+02
-2.041576672120104519e+01 2.559554348456583739e+01 -1.979915602170319460e+02
-1.974153213834107490e+01 2.666604389650569473e+01 -1.980269724439507115e+02
-1.903106089446199789e+01 2.770545245860363082e+01 -1.980572878040438241e+02
-1.828429520321187596e+01 2.871144006487233824e+01 -1.980817719436604420e+02
-1.750117727823879932e+01 2.968167760932452026e+01 -1.980996905091499798e+02
-1.668164933319081200e+01 3.061383598597286593e+01 -1.981103091468615958e+02
-1.582565358171600423e+01 3.150558608883005718e+01 -1.981128935031445337e+02
-1.493313223746242357e+01 3.235459881190879372e+01 -1.981067092243480374e+02
-1.400402751407816027e+01 3.315854504922177171e+01 -1.980910219568214359e+02
-1.303828162521126544e+01 3.391509569478168373e+01 -1.980650973469138592e+02
-1.203583678450982219e+01 3.462192164260121530e+01 -1.980282010409746931e+02
-1.099663520562189056e+01 3.527669378669306610e+01 -1.979795986853530394e+02
-9.920619102195539440e+00 3.587708302106992875e+01 -1.979185559263982839e+02
-8.807730687878844833e+00 3.642076023974448873e+01 -1.978443384104596419e+02
-7.657940067797472494e+00 3.690543148273089713e+01 -1.977562433883918231e+02
-6.473085790252666172e+00 3.733115721197521708e+01 -1.976556852890453513e+02
-5.258020525625751063e+00 3.770179597931105775e+01 -1.975474939156460152e+02
-4.017870527455622565e+00 3.802155107822372315e+01 -1.974368090750896272e+02
-2.757762049281168970e+00 3.829462580219851731e+01 -1.973287705742718572e+02
-1.482821344641293004e+00 3.852522344472071580e+01 -1.972285182200883753e+02
-1.981746670748781858e-01 3.871754729927564398e+01 -1.971411918194349937e+02
1.091051729879177978e+00 3.887580065934857032e+01 -1.970719311792073540e+02
2.379731592681981311e+00 3.900418681842481305e+01 -1.970258761063012400e+02
3.662738667794640079e+00 3.910690906998965488e+01 -1.970081664076122934e+02
4.934946701678258663e+00 3.918817070752839982e+01 -1.970239418900363262e+02
6.191229440793944327e+00 3.925217502452634477e+01 -1.970783423604689517e+02
7.426460631602801676e+00 3.930312531446877244e+01 -1.971765076258058684e+02
8.635514020565940640e+00 3.934522487084099396e+01 -1.973235774929428885e+02
