215.796 -311.891 317.787 -179.597 66.6128 166.898
220.501 -302.874 319.692 -179.62 66.6123 164.126
234.347 -296.58 317.787 -179.644 66.6129 161.253
244.206 -289.13 318.025 -179.668 66.6148 158.261
251.921 -280.558 319.692 -179.689 66.618 155.132
267.504 -275.684 318.025 -179.708 66.6226 151.85
277.275 -267.64 319.692 -179.723 66.6285 148.401
294.13 -263.979 318.264 -179.734 66.6355 144.774
306.624 -257.248 319.692 -179.74 66.6436 140.963
325.204 -255.636 318.265 -179.742 66.6522 136.965
339.886 -250.59 319.692 -179.742 66.6613 132.788
360.12 -252.109 318.029 -179.746 66.6713 128.446
376.137 -248.966 319.692 -179.763 66.6834 123.962
396.401 -253.228 318.268 -179.806 66.7009 119.373
413.881 -255.98 318.27 -179.887 66.7279 114.961
427.759 -256.203 319.692 179.993 66.7669 111.121
441.722 -262.719 318.275 179.832 66.8201 107.837
452.317 -265.458 318.514 179.632 66.8892 105.052
460.657 -265.694 319.692 179.39 66.9746 102.712
468.8 -271.381 318.29 179.104 67.0765 100.773
474.735 -273.295 318.297 178.771 67.1946 99.2016
479.306 -274.591 318.305 178.382 67.3281 97.9733
