249.772 -247.811 400.145 -179.669 46.648 159.839
257.043 -243.944 400.145 -179.669 46.648 158.17
264.593 -240.234 400.145 -179.669 46.648 156.461
272.446 -236.694 400.145 -179.669 46.648 154.705
280.626 -233.34 400.145 -179.669 46.648 152.897
289.157 -230.192 400.145 -179.669 46.648 151.031
298.061 -227.273 400.145 -179.669 46.648 149.101
307.359 -224.611 400.145 -179.669 46.648 147.101
317.072 -222.239 400.145 -179.669 46.648 145.026
327.215 -220.196 400.145 -179.669 46.648 142.871
337.8 -218.524 400.145 -179.669 46.648 140.63
348.831 -217.27 400.145 -179.669 46.648 138.3
360.309 -216.486 400.145 -179.669 46.648 135.878
372.221 -216.225 400.145 -179.669 46.648 133.362
384.547 -216.545 400.145 -179.669 46.648 130.75
397.252 -217.5 400.145 -179.669 46.648 128.044
410.289 -219.146 400.145 -179.669 46.648 125.247
423.595 -221.531 400.145 -179.669 46.648 122.363
437.094 -224.692 400.145 -179.669 46.648 119.401
450.693 -228.659 400.145 -179.669 46.648 116.37
464.29 -233.44 400.145 -179.669 46.648 113.284
477.767 -239.023 400.145 -179.669 46.648 110.159
490.566 -245.113 400.145 -179.669 46.648 107.13
502.03 -251.194 400.145 -179.669 46.648 104.375
512.264 -257.128 400.145 -179.669 46.648 101.883
521.416 -262.841 400.145 -179.669 46.648 99.6299
529.594 -268.265 400.145 -179.669 46.648 97.6006
536.869 -273.322 400.145 -179.669 46.648 95.7895
543.271 -277.916 400.145 -179.669 46.648 94.2031
548.782 -281.914 400.145 -179.669 46.648 92.8616
553.335 -285.137 400.145 -179.669 46.648 91.8021
556.803 -287.348 400.145 -179.669 46.648 91.0816
558.972 -288.234 400.145 -179.669 46.648 90.7828
559.511 -287.396 400.145 -179.669 46.648 91.0219
557.902 -284.338 400.145 -179.669 46.648 91.959
559.111 -284.296 400.145 -179.669 46.648 91.959
