-34.842741 -19.800141 -9.934211 0.000000 0.000000 -54.501717
-34.456319 -18.564753 -9.983961 0.000000 0.000000 -56.170795
-34.034123 -17.341825 -10.034489 0.000000 0.000000 -57.880241
-33.576095 -16.133684 -10.085061 0.000000 0.000000 -59.635996
-33.082177 -14.942661 -10.134943 0.000000 0.000000 -61.443990
-32.552311 -13.771085 -10.183399 0.000000 0.000000 -63.310129
-31.986440 -12.621283 -10.229696 0.000000 0.000000 -65.240250
-31.384505 -11.495587 -10.273099 0.000000 0.000000 -67.240066
-30.746449 -10.396323 -10.312873 0.000000 0.000000 -69.315081
-30.072215 -9.325823 -10.348285 0.000000 0.000000 -71.470474
-29.361744 -8.286414 -10.378601 0.000000 0.000000 -73.710963
-28.614978 -7.280427 -10.403085 0.000000 0.000000 -76.040620
-27.831860 -6.310189 -10.421004 0.000000 0.000000 -78.462660
-27.012332 -5.378031 -10.431622 0.000000 0.000000 -80.979194
-26.156336 -4.486281 -10.434207 0.000000 0.000000 -83.590953
-25.263815 -3.637268 -10.428022 0.000000 0.000000 -86.296995
-24.334710 -2.833322 -10.412335 0.000000 0.000000 -89.094414
-23.368964 -2.076771 -10.386410 0.000000 0.000000 -91.978063
-22.366520 -1.369945 -10.349514 0.000000 0.000000 -94.940340
-21.327318 -0.715173 -10.300912 0.000000 0.000000 -97.971046
-20.251302 -0.114784 -10.239869 0.000000 0.000000 -101.057364
-19.138413 0.428893 -10.165651 0.000000 0.000000 -104.182145
-17.988623 0.913565 -10.077556 0.000000 0.000000 -107.211346
-16.803769 1.339290 -9.976998 0.000000 0.000000 -109.966198
-15.588703 1.709929 -9.868807 0.000000 0.000000 -112.458204
-14.348553 2.029684 -9.758122 0.000000 0.000000 -114.711093
-13.088445 2.302759 -9.650084 0.000000 0.000000 -116.740385
-11.813504 2.533357 -9.549831 0.000000 0.000000 -118.551494
-10.528857 2.725680 -9.462505 0.000000 0.000000 -120.137947
-9.239631 2.883934 -9.393244 0.000000 0.000000 -121.479380
-7.950951 3.012320 -9.347189 0.000000 0.000000 -122.538905
-6.667944 3.115042 -9.329479 0.000000 0.000000 -123.259408
-5.395736 3.196304 -9.345255 0.000000 0.000000 -123.558171
-4.139453 3.260308 -9.399655 0.000000 0.000000 -123.319116
-2.904222 3.311258 -9.497821 0.000000 0.000000 -122.382020
-1.695169 3.353358 -9.644891 0.000000 0.000000 -122.382020
